$ANSIBLE_VAULT;1.1;AES256
32613738373361656339376162653966353532376537386666383366363765663738363135616634
3138653731336561313930636333363133316432356561340a363163396661373664666632303130
36343239643830396633333236353735353835326535306463663466313930646233376262656561
3535316637393131380a653739373365643639373163653735303234653334393832396335333731
37353836373536643031356335626562393334346266393162666138663038336362356334353333
38613439623035356238333736343639623331386237323831303164356635636432613438633431
66306364663332376231646465386331613036653235343632386562643165643631396363393637
31333630633264653535643934663734323261646537333334623033353964616434386638386630
36653438306563613730343039636538656666336436363464623237383237396264366464393635
38393166613130326164633635613864326362323430343139666561373135366462653864613936
65353034663462616639306262336538343461626634316466663735323233653963663762646431
39633131336662653138646339653664306630373732366363376630303237396139656439373433
35653730666364643662656462313935643732656262663663333138336465616238653838666332
38363434376263383839633232636438353339646461393863346438373339633232636166616537
65336338373235323531613236383539393961343339626661376166613132303032633438383238
63336238393539303131376364303761313665613732333232316536616235303436636261366231
62663765303063633234613832383164363835323533333137323035373164323036656666303866
34346337356635386332333365636366663761363936633234623737323966393933303838363132
62633938393365633532393732323264396438323066626364383137623936656363333833303861
37663234643035366362323861636635366231383832376131613938376163303030303462356634
30366335303563666631353332306162376565636266663862653539386236346132303862643534
38373662326165383363336136363236666237313265356361613032303764303265356162653037
65396165303232636463623439386335623431396666636635306161666236383332613564356431
66356437313264326632653134393336353036383133396565376666623463623734373165616466
35373334623164636564383939663263326161326562613632636538323535313563383734643039
34356436323437666539663637636365613862633132393766383234366232353931636333376430
35386137383661653931343931323136313161666164656636303531336436363237383833306562
31353233323234653261323332326534383565663539363064653035306637663363336337323037
61663864303231393439613665376330363338303332303230323536353961346262383562326161
66646439396238376637336566656634366534643366336431353263653961643236626166356334
63353334393961313933353438653539646137636362666566353264613935616537336434333764
65646538313232363334663633323434366437636632626338316339366430616433613931303861
32363639313636636534346264373237633330383535323065353638656439313035666235323539
37643161623138396461383137303966316432663466363066326334303435663539396336373436
38343962316233303839396238346331633330663739303431646562386135636333633038376439
64316263363233303736323466383539616166636565613265333534336363663433646561366635
62346237383662336339336461393466383466653762643062616365383235626230
