$ANSIBLE_VAULT;1.1;AES256
36633964633432343034333265366637663232353462336136346366313339313231326261653535
3165646331303438626235316663336638613935326633650a323832313466333037663065623030
35363266653034666239643535366231353536356364656637663637386339653834313965303237
3237636138396163320a393938346366383333653666663762336235303266313065623137396130
36663535663365306439653266353534623330626136646334643234643238363663663764643834
65333135626662353230306630383438663961383966366562643232363137336665326538366664
34363964306231643062663937653432353962333837616638633262653739653762386230303964
37376636363432633863366639383266343839386162356165363030616335636365306462323232
33306661353731306432306532323738363763386637633061636162613561363465646533313466
37663662386532666631653438393430353364306266353963313165633339346335643031626532
61346262626333636565326461336664643931333365383633653530363663393638383434343235
38666264393335366132356435636166343962643135666661303932366166666365396664613430
38626437323966333666323664376134326438343563336533666435343338306564343530643563
62376566393933316532626365363936613537643739393465663834303435613130613936346364
61336666646132313434373664643734306133663834383666626433623162616334386137643539
38653165383661393938613930353339343265616333646234313038336536303235643564643430
35636265626136363766353162313839303538383433386137323666336238353062613465376161
39396339303634316465353566343965343935623630633034663837646434633461646261396637
61633439383666636636633031393566323465653833356661343234653265653164623439326339
61653939333537613866643933313333653638303736653361623436366238343739373363343532
66353032353361623330616536353465626535343938653031383363623636633838326261656463
36323665653737663430333836303738343030386435663062393563313636656434316338643533
31353665363337633763623264363164376134666432313732333462636138613234663562653364
32623435663433613065373538666535393035336136366331363761356463316536343331336563
38386666303563666163613865336331386262636164393332356165613635363231
